6
80
0 Rep. Dem. do Congo
1 Espanha
2 Holanda
3 Uzbequistao
4 Africa do Sul
5 Servia
6 Egito
7 Jordania
8 Catar
9 Sri Lanka
10 Oman
11 Bolivia
12 Austria
13 Bielorussia
14 Etiopia
15 Algeria
16 Gana
17 Libano
18 Rep. Tcheca
19 Cazaquistao
20 Hungria
21 China
22 Iemem
23 Suica
24 Madagascar
25 Quenia
26 Paquistao
27 Azerbaijao
28 Franca
29 Botswana
30 Kuwait
31 Senegal
32 Polonia
33 Eslovaquia
34 Nepal
35 Siria
36 Venezuela
37 Nigeria
38 Finlandia
39 Filipinas
40 India
41 Moçambique
42 Tunisia
43 Uganda
44 Turcomenistao
45 Luxemburgo
46 Afeganistao
47 Russia
48 Angola
49 Reino Unido
50 Chipre
51 Italia
52 Grecia
53 Costa do Marfim
54 Zambia
55 Myanmar
56 Mongolia
57 Georgia
58 Marrocos
59 Tanzania
60 Brasil
61 Argentina
62 Bangladesh
63 Canada
64 Indonesia
65 Israel
66 Malasia
67 Mexico
68 Peru
69 Portugal
70 Arabia Saudita
71 Vietna
72 Suecia
73 Tailandia
74 Emirados Arabes
75 Turquia
76 Namibia
77 Sudao
78 Dinamarca
79 Irlanda
150
0 4 1360861027.0
1 21 39705452813.0
2 21 100195459698.0
3 47 5203921460.0
4 0 90837644.0
4 15 99864981.0
4 24 174697999.0
4 29 487274575.0
4 31 2215697.0
4 41 1065643289.0
4 42 44287366.0
4 43 9358026.0
4 48 805967228.0
4 53 141233474.0
4 54 249787078.0
4 58 77033391.0
4 59 52024133.0
4 76 1218631780.0
4 77 74802.0
5 47 1284843577.0
6 47 4177311525.0
7 40 1612604778.0
8 40 1652083606.0
9 40 3578261692.0
10 40 4479588073.0
11 40 77255869.0
12 21 4699045053.0
13 47 23130382720.0
14 40 479098454.0
15 4 19711230.0
16 40 999357527.0
17 40 353063582.0
18 21 16288326650.0
19 47 873295989.0
20 21 9795312791.0
21 1 8867632751.0
21 2 16900891367.0
21 12 7855425542.0
21 18 5224315059.0
21 20 4729245131.0
21 23 53974386288.0
21 28 37325511216.0
21 32 4858997952.0
21 33 7233954632.0
21 38 4932992927.0
21 45 267267775.0
21 49 20059363553.0
21 51 27225406681.0
21 78 5550917969.0
21 79 17377787661.0
22 40 845552582.0
23 21 5776436893.0
24 4 174697999.0
25 40 3291835289.0
26 47 343428602.0
27 47 2323836402.0
28 21 42112745547.0
29 4 4333744346.0
30 47 595869707.0
31 4 200542543.0
32 21 37167370901.0
33 21 4300503831.0
34 40 7247741657.0
35 47 594438255.0
36 47 146601450.0
37 40 3958507034.0
38 21 3268533963.0
39 40 1936035548.0
40 7 1759525487.0
40 8 12986816436.0
40 9 893328279.0
40 10 4378712629.0
40 11 1321418877.0
40 14 94198259.0
40 16 1306991097.0
40 17 79215221.0
40 22 216270425.0
40 25 115455961.0
40 34 811463831.0
40 37 3491904762.0
40 39 1530151326.0
40 46 667422089.0
40 55 1041754091.0
41 4 6571949830.0
42 4 18107915.0
43 4 108254358.0
44 47 725003180.0
45 21 449906444.0
46 40 362217063.0
47 3 1705446113.0
47 5 1057343461.0
47 6 591955861.0
47 13 15635533471.0
47 19 7132346687.0
47 26 353515458.0
47 27 1031984736.0
47 30 337125.0
47 35 12447583.0
47 36 1789546.0
47 44 140605198.0
47 50 42150935.0
47 52 298695278.0
47 56 43086064.0
47 57 567265580.0
48 4 369722741.0
49 21 77911448112.0
50 47 230658139.0
51 21 44522402808.0
52 47 4194873227.0
53 4 130903786.0
54 4 3044121075.0
55 40 760321013.0
56 47 1817467728.0
57 47 18493813461.0
58 4 126170131.0
59 4 544256010.0
60 61 14084327668.0
60 62 257120684.0
60 63 3026283862.0
60 64 2040390433.0
60 65 1226277883.0
60 66 1658109913.0
60 67 6003057464.0
60 68 1494536636.0
60 69 1324756040.0
60 70 3177784667.0
60 71 3871840206.0
60 72 2386819362.0
60 73 2624066446.0
60 74 925994567.0
60 75 1372591460.0
61 60 13778181666.0
62 60 2468166639.0
63 60 6316853569.0
64 60 4487454436.0
65 60 725116156.0
66 60 4318735523.0
67 60 7801789195.0
68 60 2890486847.0
69 60 3413996890.0
70 60 3114593451.0
71 60 4047061310.0
72 60 831663110.0
73 60 3452740323.0
74 60 4543655263.0
75 60 3859785248.0
76 4 3848192286.0
77 4 12814195.0
78 21 8158409927.0
79 21 4382655891.0
